5276
6843
7912
8550
8901
9192
9419
9656
9852
10059
10305
10406
10466
10512
10566
10634
10679
10705
10725
10777
10810
10820
10823
10863
10902
10938
10945
11020
11101
11136
11159
11213
11237
11265
11277
11307
11328
11356
11413
11431
11431
11435
11445
11448
11492
11492
11500
11510
11523
11523
11533
11556
11570
11586
11602
11612
11619
11622
11622
11630
11631
11632
11632
11651
11659
11659
11664
11693
11700
11700
11712
11712
11720
11730
11730
11737
11737
11751
11751
11756
11756
11765
11777
11790
11797
11818
11821
11821
11826
11826
11831
11837
11837
11842
11854
11855
11865
11868
11868
11868
11868
11868
11868
11868
11868
11871
11871
11872
11884
11887
11891
11899
11899
11899
11901
11901
11901
11904
11904
11906
11906
11916
11932
11939
11939
11941
11941
11948
11948
11948
11951
11952
11952
11952
11952
11953
11953
11953
11953
11953
11955
11958
11963
11963
11965
11965
11968
11971
11971
11971
11971
11971
11971
11977
11977
11977
11980
11980
11980
11980
11981
11992
11992
11993
11993
11996
11998
11998
11998
11999
11999
12002
12002
12002
12002
12002
12006
12006
12006
12008
12008
12008
12010
12010
12013
12013
12016
12016
12016
12016
12016
12017
12017
12017
12019
12020
12020
12020
12021
12026
12028
12028
12029
12029
12032
12033
12033
12033
12036
12036
12036
12036
12036
12036
12036
12036
12038
12038
12038
12038
12038
12038
12038
12039
12039
12039
12039
12039
12039
12039
12039
12039
12039
12039
12039
12039
12043
12049
12050
12050
12052
12053
12053
12053
12053
12054
12056
12060
12060
12060
12060
12060
12060
12060
12060
12060
12060
12060
12061
12061
12061
12061
12061
12062
12064
12064
12064
12064
12064
12064
12064
12069
12069
12069
12069
12069
12069
12069
12077
12077
12078
12078
12078
12078
12078
12078
12078
12078
12078
12079
12079
12079
12079
12079
12079
12079
12079
12079
12079
12079
12079
12079
12079
12079
12081
12081
12081
12083
12083
12083
12083
12084
12084
12090
12092
12092
12092
12092
12092
12092
12092
12092
12092
12093
12093
12093
12093
12093
12093
12093
12093
12093
12093
12093
12093
12093
12093
12093
12093
12093
12093
12093
12093
12093
12093
12093
12095
12095
12095
12095
12096
12096
12096
12096
12096
12096
12096
12098
12098
12098
12098
12098
12099
12099
12099
12099
12099
12099
12099
12099
12099
12100
12100
12100
12101
12101
12101
12101
12101
12102
12102
12102
12102
12102
12102
12104
12104
12104
12104
12105
12105
12107
12107
12107
12107
12108
12108
12110
12110
12110
12110
12110
12110
12110
12110
12111
12111
12111
12111
12111
12111
12112
12112
12112
12112
12112
12114
12114
12118
12118
12118
12118
12118
12118
12118
12118
12118
12119
12119
12119
12119
12119
12119
12119
12121
12121
12121
12121
12121
12121
12121
12121
12121
12121
12121
12121
12121
12122
12123
12123
12123
12123
12123
12123
12123
12123
12123
12123
12123
12126
12126
12126
12126
12127
12128
12128
12128
12128
12128
12128
12128
12128
12128
12128
12128
12128
12128
12128
12128
12128
12128
12128
12128
12128
12128
12131
12131
12131
12131
12131
12131
12131
12132
12132
12132
12132
12132
12132
12132
12133
